{
 "cells": [
  {
   "cell_type": "markdown",
   "metadata": {},
   "source": [
    "## 월마트 주간 매출액 데이터 분석"
   ]
  },
  {
   "cell_type": "markdown",
   "metadata": {},
   "source": [
    "#### <center>라이브러리 불러오기</center>"
   ]
  },
  {
   "cell_type": "code",
   "execution_count": 2,
   "metadata": {},
   "outputs": [],
   "source": [
    "import pandas as pd \n",
    "import numpy as np\n",
    "from datetime import datetime\n",
    "from matplotlib import dates\n",
    "from sklearn.preprocessing import OneHotEncoder, OrdinalEncoder\n",
    "import matplotlib.pyplot as plt \n",
    "import seaborn as sns"
   ]
  },
  {
   "cell_type": "markdown",
   "metadata": {},
   "source": [
    "#### <center>데이터 불러오기</center>"
   ]
  },
  {
   "cell_type": "code",
   "execution_count": 3,
   "metadata": {},
   "outputs": [],
   "source": [
    "df = pd.read_csv('train.csv',encoding='euc-kr')"
   ]
  },
  {
   "cell_type": "code",
   "execution_count": 4,
   "metadata": {},
   "outputs": [
    {
     "data": {
      "text/html": [
       "<div>\n",
       "<style scoped>\n",
       "    .dataframe tbody tr th:only-of-type {\n",
       "        vertical-align: middle;\n",
       "    }\n",
       "\n",
       "    .dataframe tbody tr th {\n",
       "        vertical-align: top;\n",
       "    }\n",
       "\n",
       "    .dataframe thead th {\n",
       "        text-align: right;\n",
       "    }\n",
       "</style>\n",
       "<table border=\"1\" class=\"dataframe\">\n",
       "  <thead>\n",
       "    <tr style=\"text-align: right;\">\n",
       "      <th></th>\n",
       "      <th>Store</th>\n",
       "      <th>Dept</th>\n",
       "      <th>Date</th>\n",
       "      <th>Weekly_Sales</th>\n",
       "      <th>IsHoliday</th>\n",
       "      <th>Temperature</th>\n",
       "      <th>Fuel_Price</th>\n",
       "      <th>MarkDown1</th>\n",
       "      <th>MarkDown2</th>\n",
       "      <th>MarkDown3</th>\n",
       "      <th>MarkDown4</th>\n",
       "      <th>MarkDown5</th>\n",
       "      <th>CPI</th>\n",
       "      <th>Unemployment</th>\n",
       "      <th>Type</th>\n",
       "      <th>Size</th>\n",
       "    </tr>\n",
       "  </thead>\n",
       "  <tbody>\n",
       "    <tr>\n",
       "      <th>0</th>\n",
       "      <td>26</td>\n",
       "      <td>92</td>\n",
       "      <td>2011-08-26</td>\n",
       "      <td>87235.57</td>\n",
       "      <td>False</td>\n",
       "      <td>61.10</td>\n",
       "      <td>3.796</td>\n",
       "      <td>NaN</td>\n",
       "      <td>NaN</td>\n",
       "      <td>NaN</td>\n",
       "      <td>NaN</td>\n",
       "      <td>NaN</td>\n",
       "      <td>136.213613</td>\n",
       "      <td>7.767</td>\n",
       "      <td>A</td>\n",
       "      <td>152513</td>\n",
       "    </tr>\n",
       "    <tr>\n",
       "      <th>1</th>\n",
       "      <td>34</td>\n",
       "      <td>22</td>\n",
       "      <td>2011-03-25</td>\n",
       "      <td>5945.97</td>\n",
       "      <td>False</td>\n",
       "      <td>53.11</td>\n",
       "      <td>3.480</td>\n",
       "      <td>NaN</td>\n",
       "      <td>NaN</td>\n",
       "      <td>NaN</td>\n",
       "      <td>NaN</td>\n",
       "      <td>NaN</td>\n",
       "      <td>128.616064</td>\n",
       "      <td>10.398</td>\n",
       "      <td>A</td>\n",
       "      <td>158114</td>\n",
       "    </tr>\n",
       "    <tr>\n",
       "      <th>2</th>\n",
       "      <td>21</td>\n",
       "      <td>28</td>\n",
       "      <td>2010-12-03</td>\n",
       "      <td>1219.89</td>\n",
       "      <td>False</td>\n",
       "      <td>50.43</td>\n",
       "      <td>2.708</td>\n",
       "      <td>NaN</td>\n",
       "      <td>NaN</td>\n",
       "      <td>NaN</td>\n",
       "      <td>NaN</td>\n",
       "      <td>NaN</td>\n",
       "      <td>211.265543</td>\n",
       "      <td>8.163</td>\n",
       "      <td>B</td>\n",
       "      <td>140167</td>\n",
       "    </tr>\n",
       "    <tr>\n",
       "      <th>3</th>\n",
       "      <td>8</td>\n",
       "      <td>9</td>\n",
       "      <td>2010-09-17</td>\n",
       "      <td>11972.71</td>\n",
       "      <td>False</td>\n",
       "      <td>75.32</td>\n",
       "      <td>2.582</td>\n",
       "      <td>NaN</td>\n",
       "      <td>NaN</td>\n",
       "      <td>NaN</td>\n",
       "      <td>NaN</td>\n",
       "      <td>NaN</td>\n",
       "      <td>214.878556</td>\n",
       "      <td>6.315</td>\n",
       "      <td>A</td>\n",
       "      <td>155078</td>\n",
       "    </tr>\n",
       "    <tr>\n",
       "      <th>4</th>\n",
       "      <td>19</td>\n",
       "      <td>55</td>\n",
       "      <td>2012-05-18</td>\n",
       "      <td>8271.82</td>\n",
       "      <td>False</td>\n",
       "      <td>58.81</td>\n",
       "      <td>4.029</td>\n",
       "      <td>12613.98</td>\n",
       "      <td>NaN</td>\n",
       "      <td>11.5</td>\n",
       "      <td>1705.28</td>\n",
       "      <td>3600.79</td>\n",
       "      <td>138.106581</td>\n",
       "      <td>8.150</td>\n",
       "      <td>A</td>\n",
       "      <td>203819</td>\n",
       "    </tr>\n",
       "  </tbody>\n",
       "</table>\n",
       "</div>"
      ],
      "text/plain": [
       "   Store  Dept        Date  Weekly_Sales  IsHoliday  Temperature  Fuel_Price  \\\n",
       "0     26    92  2011-08-26      87235.57      False        61.10       3.796   \n",
       "1     34    22  2011-03-25       5945.97      False        53.11       3.480   \n",
       "2     21    28  2010-12-03       1219.89      False        50.43       2.708   \n",
       "3      8     9  2010-09-17      11972.71      False        75.32       2.582   \n",
       "4     19    55  2012-05-18       8271.82      False        58.81       4.029   \n",
       "\n",
       "   MarkDown1  MarkDown2  MarkDown3  MarkDown4  MarkDown5         CPI  \\\n",
       "0        NaN        NaN        NaN        NaN        NaN  136.213613   \n",
       "1        NaN        NaN        NaN        NaN        NaN  128.616064   \n",
       "2        NaN        NaN        NaN        NaN        NaN  211.265543   \n",
       "3        NaN        NaN        NaN        NaN        NaN  214.878556   \n",
       "4   12613.98        NaN       11.5    1705.28    3600.79  138.106581   \n",
       "\n",
       "   Unemployment Type    Size  \n",
       "0         7.767    A  152513  \n",
       "1        10.398    A  158114  \n",
       "2         8.163    B  140167  \n",
       "3         6.315    A  155078  \n",
       "4         8.150    A  203819  "
      ]
     },
     "execution_count": 4,
     "metadata": {},
     "output_type": "execute_result"
    }
   ],
   "source": [
    "df.head()"
   ]
  },
  {
   "cell_type": "code",
   "execution_count": 5,
   "metadata": {},
   "outputs": [
    {
     "name": "stdout",
     "output_type": "stream",
     "text": [
      "<class 'pandas.core.frame.DataFrame'>\n",
      "RangeIndex: 282451 entries, 0 to 282450\n",
      "Data columns (total 16 columns):\n",
      " #   Column        Non-Null Count   Dtype  \n",
      "---  ------        --------------   -----  \n",
      " 0   Store         282451 non-null  int64  \n",
      " 1   Dept          282451 non-null  int64  \n",
      " 2   Date          282451 non-null  object \n",
      " 3   Weekly_Sales  282451 non-null  float64\n",
      " 4   IsHoliday     282451 non-null  bool   \n",
      " 5   Temperature   282451 non-null  float64\n",
      " 6   Fuel_Price    282451 non-null  float64\n",
      " 7   MarkDown1     100520 non-null  float64\n",
      " 8   MarkDown2     74232 non-null   float64\n",
      " 9   MarkDown3     91521 non-null   float64\n",
      " 10  MarkDown4     90031 non-null   float64\n",
      " 11  MarkDown5     101029 non-null  float64\n",
      " 12  CPI           282451 non-null  float64\n",
      " 13  Unemployment  282451 non-null  float64\n",
      " 14  Type          282451 non-null  object \n",
      " 15  Size          282451 non-null  int64  \n",
      "dtypes: bool(1), float64(10), int64(3), object(2)\n",
      "memory usage: 32.6+ MB\n"
     ]
    }
   ],
   "source": [
    "df.info()"
   ]
  },
  {
   "cell_type": "markdown",
   "metadata": {},
   "source": [
    "#### <center>데이터 설명</center>"
   ]
  },
  {
   "cell_type": "markdown",
   "metadata": {},
   "source": [
    "|NAME|DESCRIPTION|\n",
    "|---|---|\n",
    "|Store|가게 고유 번호|\n",
    "|Dept|부서(department) 고유 번호|\n",
    "|Weekly_Sales|주어진 부서의 해당 주간 매출액|\n",
    "|Date|날짜|\n",
    "|Temperature|지역의 평균 온도|\n",
    "|Fuel_Price|지역의 연료 가격|\n",
    "|CPI|소비자 물가 지수|\n",
    "|Unemployment|실업률|\n",
    "|IsHoliday|그 주가 특별한 휴일(연휴)가 있는 주 인지에 대한 참/거짓값, 모든 연휴가 데이터셋에 포함되어 있지 않으며, 다음 4개의 휴일의 경우 포함되어 있음 (아래 예시)|\n",
    "||Super Bowl: 12-Feb-2010, 11-Feb-2011, 10-Feb-2012|\n",
    "||Labor Day: 10-Sep-2010, 9-Sep-2011, 7-Sep-2012|\n",
    "||Thanksgiving: 26-Nov-2010, 25-Nov-2011, 23-Nov-2012|\n",
    "||Christmas: 31-Dec-2010, 30-Dec-2011, 28-Dec-2012||\n",
    "|Type|점포 유|\n",
    "|MarkDown1-5|월마트가 운영하고 있는 판촉료(?) 인하와 관련된 익명의 데이터. 2011년 11월 이후에만 사용할 수 있으며, 모든 점포에서 항상 가능한 것은 아님. 결측값은 NA로 표시됨|"
   ]
  },
  {
   "cell_type": "markdown",
   "metadata": {},
   "source": [
    "### <center>데이터 전처리</center>"
   ]
  },
  {
   "cell_type": "markdown",
   "metadata": {},
   "source": [
    "### 결측값 확인"
   ]
  },
  {
   "cell_type": "code",
   "execution_count": 6,
   "metadata": {},
   "outputs": [
    {
     "data": {
      "text/plain": [
       "Store                0\n",
       "Dept                 0\n",
       "Date                 0\n",
       "Weekly_Sales         0\n",
       "IsHoliday            0\n",
       "Temperature          0\n",
       "Fuel_Price           0\n",
       "MarkDown1       181931\n",
       "MarkDown2       208219\n",
       "MarkDown3       190930\n",
       "MarkDown4       192420\n",
       "MarkDown5       181422\n",
       "CPI                  0\n",
       "Unemployment         0\n",
       "Type                 0\n",
       "Size                 0\n",
       "dtype: int64"
      ]
     },
     "execution_count": 6,
     "metadata": {},
     "output_type": "execute_result"
    }
   ],
   "source": [
    "df.isna().sum()"
   ]
  },
  {
   "cell_type": "markdown",
   "metadata": {},
   "source": [
    "#### 결측치 0으로 대체 "
   ]
  },
  {
   "cell_type": "code",
   "execution_count": 7,
   "metadata": {},
   "outputs": [],
   "source": [
    "df = df.fillna(0)"
   ]
  },
  {
   "cell_type": "markdown",
   "metadata": {},
   "source": [
    "1) 날짜(Date)를 object -> datetime으로 변환\n",
    "2) 년/월/일/주 분리\n",
    "3) Type, IsHoliday,Store,Dept를 카테고리형으로 변환\n",
    "4) 화씨온도를 섭씨온도로 변환"
   ]
  },
  {
   "cell_type": "code",
   "execution_count": 8,
   "metadata": {},
   "outputs": [
    {
     "name": "stderr",
     "output_type": "stream",
     "text": [
      "C:\\Users\\User\\AppData\\Local\\Temp/ipykernel_16996/3934241274.py:5: FutureWarning: Series.dt.weekofyear and Series.dt.week have been deprecated.  Please use Series.dt.isocalendar().week instead.\n",
      "  df['Week'] =df['Date'].dt.week\n"
     ]
    }
   ],
   "source": [
    "df['Date'] = pd.to_datetime(df['Date'])\n",
    "df['Year'] =df['Date'].dt.year\n",
    "df['Month'] =df['Date'].dt.month\n",
    "df['Day'] =df['Date'].dt.day\n",
    "df['Week'] =df['Date'].dt.week"
   ]
  },
  {
   "cell_type": "code",
   "execution_count": 9,
   "metadata": {},
   "outputs": [],
   "source": [
    "df['Type'] = df['Type'].astype('category')\n",
    "df['IsHoliday'] = df['IsHoliday'].astype('category')\n",
    "df['Store'] = df['Store'].astype('category')\n",
    "df['Dept'] = df['Dept'].astype('category')\n",
    "df['Temperature'] = (df['Temperature'] - 32) * 5/9"
   ]
  },
  {
   "cell_type": "code",
   "execution_count": 10,
   "metadata": {},
   "outputs": [
    {
     "data": {
      "text/plain": [
       "0         0\n",
       "1         0\n",
       "2         1\n",
       "3         0\n",
       "4         0\n",
       "         ..\n",
       "282446    0\n",
       "282447    0\n",
       "282448    0\n",
       "282449    1\n",
       "282450    0\n",
       "Name: Type, Length: 282451, dtype: int64"
      ]
     },
     "execution_count": 10,
     "metadata": {},
     "output_type": "execute_result"
    }
   ],
   "source": [
    "# 범주형 타입을 숫자로 인코딩\n",
    "ordinal_ecd = OrdinalEncoder(dtype='int64')\n",
    "\n",
    "encoded = ordinal_ecd.fit_transform(df['Type'].to_numpy().reshape(-1,1))\n",
    "df.loc[:,'Type'] = encoded\n",
    "df['Type']"
   ]
  },
  {
   "cell_type": "code",
   "execution_count": 11,
   "metadata": {},
   "outputs": [
    {
     "data": {
      "text/html": [
       "<div>\n",
       "<style scoped>\n",
       "    .dataframe tbody tr th:only-of-type {\n",
       "        vertical-align: middle;\n",
       "    }\n",
       "\n",
       "    .dataframe tbody tr th {\n",
       "        vertical-align: top;\n",
       "    }\n",
       "\n",
       "    .dataframe thead th {\n",
       "        text-align: right;\n",
       "    }\n",
       "</style>\n",
       "<table border=\"1\" class=\"dataframe\">\n",
       "  <thead>\n",
       "    <tr style=\"text-align: right;\">\n",
       "      <th></th>\n",
       "      <th>Store</th>\n",
       "      <th>Dept</th>\n",
       "      <th>Date</th>\n",
       "      <th>Weekly_Sales</th>\n",
       "      <th>IsHoliday</th>\n",
       "      <th>Temperature</th>\n",
       "      <th>Fuel_Price</th>\n",
       "      <th>MarkDown1</th>\n",
       "      <th>MarkDown2</th>\n",
       "      <th>MarkDown3</th>\n",
       "      <th>MarkDown4</th>\n",
       "      <th>MarkDown5</th>\n",
       "      <th>CPI</th>\n",
       "      <th>Unemployment</th>\n",
       "      <th>Type</th>\n",
       "      <th>Size</th>\n",
       "      <th>Year</th>\n",
       "      <th>Month</th>\n",
       "      <th>Day</th>\n",
       "      <th>Week</th>\n",
       "    </tr>\n",
       "  </thead>\n",
       "  <tbody>\n",
       "    <tr>\n",
       "      <th>0</th>\n",
       "      <td>26</td>\n",
       "      <td>92</td>\n",
       "      <td>2011-08-26</td>\n",
       "      <td>87235.57</td>\n",
       "      <td>False</td>\n",
       "      <td>16.166667</td>\n",
       "      <td>3.796</td>\n",
       "      <td>0.00</td>\n",
       "      <td>0.0</td>\n",
       "      <td>0.0</td>\n",
       "      <td>0.00</td>\n",
       "      <td>0.00</td>\n",
       "      <td>136.213613</td>\n",
       "      <td>7.767</td>\n",
       "      <td>0</td>\n",
       "      <td>152513</td>\n",
       "      <td>2011</td>\n",
       "      <td>8</td>\n",
       "      <td>26</td>\n",
       "      <td>34</td>\n",
       "    </tr>\n",
       "    <tr>\n",
       "      <th>1</th>\n",
       "      <td>34</td>\n",
       "      <td>22</td>\n",
       "      <td>2011-03-25</td>\n",
       "      <td>5945.97</td>\n",
       "      <td>False</td>\n",
       "      <td>11.727778</td>\n",
       "      <td>3.480</td>\n",
       "      <td>0.00</td>\n",
       "      <td>0.0</td>\n",
       "      <td>0.0</td>\n",
       "      <td>0.00</td>\n",
       "      <td>0.00</td>\n",
       "      <td>128.616064</td>\n",
       "      <td>10.398</td>\n",
       "      <td>0</td>\n",
       "      <td>158114</td>\n",
       "      <td>2011</td>\n",
       "      <td>3</td>\n",
       "      <td>25</td>\n",
       "      <td>12</td>\n",
       "    </tr>\n",
       "    <tr>\n",
       "      <th>2</th>\n",
       "      <td>21</td>\n",
       "      <td>28</td>\n",
       "      <td>2010-12-03</td>\n",
       "      <td>1219.89</td>\n",
       "      <td>False</td>\n",
       "      <td>10.238889</td>\n",
       "      <td>2.708</td>\n",
       "      <td>0.00</td>\n",
       "      <td>0.0</td>\n",
       "      <td>0.0</td>\n",
       "      <td>0.00</td>\n",
       "      <td>0.00</td>\n",
       "      <td>211.265543</td>\n",
       "      <td>8.163</td>\n",
       "      <td>1</td>\n",
       "      <td>140167</td>\n",
       "      <td>2010</td>\n",
       "      <td>12</td>\n",
       "      <td>3</td>\n",
       "      <td>48</td>\n",
       "    </tr>\n",
       "    <tr>\n",
       "      <th>3</th>\n",
       "      <td>8</td>\n",
       "      <td>9</td>\n",
       "      <td>2010-09-17</td>\n",
       "      <td>11972.71</td>\n",
       "      <td>False</td>\n",
       "      <td>24.066667</td>\n",
       "      <td>2.582</td>\n",
       "      <td>0.00</td>\n",
       "      <td>0.0</td>\n",
       "      <td>0.0</td>\n",
       "      <td>0.00</td>\n",
       "      <td>0.00</td>\n",
       "      <td>214.878556</td>\n",
       "      <td>6.315</td>\n",
       "      <td>0</td>\n",
       "      <td>155078</td>\n",
       "      <td>2010</td>\n",
       "      <td>9</td>\n",
       "      <td>17</td>\n",
       "      <td>37</td>\n",
       "    </tr>\n",
       "    <tr>\n",
       "      <th>4</th>\n",
       "      <td>19</td>\n",
       "      <td>55</td>\n",
       "      <td>2012-05-18</td>\n",
       "      <td>8271.82</td>\n",
       "      <td>False</td>\n",
       "      <td>14.894444</td>\n",
       "      <td>4.029</td>\n",
       "      <td>12613.98</td>\n",
       "      <td>0.0</td>\n",
       "      <td>11.5</td>\n",
       "      <td>1705.28</td>\n",
       "      <td>3600.79</td>\n",
       "      <td>138.106581</td>\n",
       "      <td>8.150</td>\n",
       "      <td>0</td>\n",
       "      <td>203819</td>\n",
       "      <td>2012</td>\n",
       "      <td>5</td>\n",
       "      <td>18</td>\n",
       "      <td>20</td>\n",
       "    </tr>\n",
       "  </tbody>\n",
       "</table>\n",
       "</div>"
      ],
      "text/plain": [
       "  Store Dept       Date  Weekly_Sales IsHoliday  Temperature  Fuel_Price  \\\n",
       "0    26   92 2011-08-26      87235.57     False    16.166667       3.796   \n",
       "1    34   22 2011-03-25       5945.97     False    11.727778       3.480   \n",
       "2    21   28 2010-12-03       1219.89     False    10.238889       2.708   \n",
       "3     8    9 2010-09-17      11972.71     False    24.066667       2.582   \n",
       "4    19   55 2012-05-18       8271.82     False    14.894444       4.029   \n",
       "\n",
       "   MarkDown1  MarkDown2  MarkDown3  MarkDown4  MarkDown5         CPI  \\\n",
       "0       0.00        0.0        0.0       0.00       0.00  136.213613   \n",
       "1       0.00        0.0        0.0       0.00       0.00  128.616064   \n",
       "2       0.00        0.0        0.0       0.00       0.00  211.265543   \n",
       "3       0.00        0.0        0.0       0.00       0.00  214.878556   \n",
       "4   12613.98        0.0       11.5    1705.28    3600.79  138.106581   \n",
       "\n",
       "   Unemployment  Type    Size  Year  Month  Day  Week  \n",
       "0         7.767     0  152513  2011      8   26    34  \n",
       "1        10.398     0  158114  2011      3   25    12  \n",
       "2         8.163     1  140167  2010     12    3    48  \n",
       "3         6.315     0  155078  2010      9   17    37  \n",
       "4         8.150     0  203819  2012      5   18    20  "
      ]
     },
     "execution_count": 11,
     "metadata": {},
     "output_type": "execute_result"
    }
   ],
   "source": [
    "df.head()"
   ]
  },
  {
   "cell_type": "markdown",
   "metadata": {},
   "source": [
    "변수별 상관계수"
   ]
  },
  {
   "cell_type": "code",
   "execution_count": 12,
   "metadata": {},
   "outputs": [
    {
     "data": {
      "text/html": [
       "<div>\n",
       "<style scoped>\n",
       "    .dataframe tbody tr th:only-of-type {\n",
       "        vertical-align: middle;\n",
       "    }\n",
       "\n",
       "    .dataframe tbody tr th {\n",
       "        vertical-align: top;\n",
       "    }\n",
       "\n",
       "    .dataframe thead th {\n",
       "        text-align: right;\n",
       "    }\n",
       "</style>\n",
       "<table border=\"1\" class=\"dataframe\">\n",
       "  <thead>\n",
       "    <tr style=\"text-align: right;\">\n",
       "      <th></th>\n",
       "      <th>Weekly_Sales</th>\n",
       "      <th>Temperature</th>\n",
       "      <th>Fuel_Price</th>\n",
       "      <th>MarkDown1</th>\n",
       "      <th>MarkDown2</th>\n",
       "      <th>MarkDown3</th>\n",
       "      <th>MarkDown4</th>\n",
       "      <th>MarkDown5</th>\n",
       "      <th>CPI</th>\n",
       "      <th>Unemployment</th>\n",
       "      <th>Type</th>\n",
       "      <th>Size</th>\n",
       "      <th>Year</th>\n",
       "      <th>Month</th>\n",
       "      <th>Day</th>\n",
       "      <th>Week</th>\n",
       "    </tr>\n",
       "  </thead>\n",
       "  <tbody>\n",
       "    <tr>\n",
       "      <th>Weekly_Sales</th>\n",
       "      <td>1.000000</td>\n",
       "      <td>-0.001079</td>\n",
       "      <td>0.002720</td>\n",
       "      <td>0.050051</td>\n",
       "      <td>0.020453</td>\n",
       "      <td>0.036359</td>\n",
       "      <td>0.038314</td>\n",
       "      <td>0.050670</td>\n",
       "      <td>-0.022459</td>\n",
       "      <td>-0.025850</td>\n",
       "      <td>-0.182275</td>\n",
       "      <td>0.243935</td>\n",
       "      <td>-0.008247</td>\n",
       "      <td>0.028490</td>\n",
       "      <td>-0.007012</td>\n",
       "      <td>0.027710</td>\n",
       "    </tr>\n",
       "    <tr>\n",
       "      <th>Temperature</th>\n",
       "      <td>-0.001079</td>\n",
       "      <td>1.000000</td>\n",
       "      <td>0.141401</td>\n",
       "      <td>-0.026460</td>\n",
       "      <td>-0.178706</td>\n",
       "      <td>-0.056531</td>\n",
       "      <td>-0.050624</td>\n",
       "      <td>-0.014987</td>\n",
       "      <td>0.181118</td>\n",
       "      <td>0.097465</td>\n",
       "      <td>0.043012</td>\n",
       "      <td>-0.058363</td>\n",
       "      <td>0.063059</td>\n",
       "      <td>0.236482</td>\n",
       "      <td>0.026389</td>\n",
       "      <td>0.236741</td>\n",
       "    </tr>\n",
       "    <tr>\n",
       "      <th>Fuel_Price</th>\n",
       "      <td>0.002720</td>\n",
       "      <td>0.141401</td>\n",
       "      <td>1.000000</td>\n",
       "      <td>0.298873</td>\n",
       "      <td>0.029512</td>\n",
       "      <td>0.019115</td>\n",
       "      <td>0.167834</td>\n",
       "      <td>0.213313</td>\n",
       "      <td>-0.163551</td>\n",
       "      <td>-0.033130</td>\n",
       "      <td>0.029567</td>\n",
       "      <td>0.004519</td>\n",
       "      <td>0.779979</td>\n",
       "      <td>-0.042392</td>\n",
       "      <td>0.026048</td>\n",
       "      <td>-0.032836</td>\n",
       "    </tr>\n",
       "    <tr>\n",
       "      <th>MarkDown1</th>\n",
       "      <td>0.050051</td>\n",
       "      <td>-0.026460</td>\n",
       "      <td>0.298873</td>\n",
       "      <td>1.000000</td>\n",
       "      <td>0.174053</td>\n",
       "      <td>-0.013804</td>\n",
       "      <td>0.838509</td>\n",
       "      <td>0.410635</td>\n",
       "      <td>0.011540</td>\n",
       "      <td>-0.106475</td>\n",
       "      <td>-0.127522</td>\n",
       "      <td>0.171187</td>\n",
       "      <td>0.502802</td>\n",
       "      <td>-0.089433</td>\n",
       "      <td>-0.126963</td>\n",
       "      <td>-0.093861</td>\n",
       "    </tr>\n",
       "    <tr>\n",
       "      <th>MarkDown2</th>\n",
       "      <td>0.020453</td>\n",
       "      <td>-0.178706</td>\n",
       "      <td>0.029512</td>\n",
       "      <td>0.174053</td>\n",
       "      <td>1.000000</td>\n",
       "      <td>-0.005885</td>\n",
       "      <td>0.113722</td>\n",
       "      <td>0.128500</td>\n",
       "      <td>-0.003351</td>\n",
       "      <td>-0.041081</td>\n",
       "      <td>-0.055558</td>\n",
       "      <td>0.078149</td>\n",
       "      <td>0.130884</td>\n",
       "      <td>-0.017833</td>\n",
       "      <td>0.053286</td>\n",
       "      <td>-0.011192</td>\n",
       "    </tr>\n",
       "    <tr>\n",
       "      <th>MarkDown3</th>\n",
       "      <td>0.036359</td>\n",
       "      <td>-0.056531</td>\n",
       "      <td>0.019115</td>\n",
       "      <td>-0.013804</td>\n",
       "      <td>-0.005885</td>\n",
       "      <td>1.000000</td>\n",
       "      <td>-0.011700</td>\n",
       "      <td>0.042033</td>\n",
       "      <td>-0.007404</td>\n",
       "      <td>-0.017348</td>\n",
       "      <td>-0.023495</td>\n",
       "      <td>0.032875</td>\n",
       "      <td>0.006983</td>\n",
       "      <td>0.114937</td>\n",
       "      <td>0.071298</td>\n",
       "      <td>0.121175</td>\n",
       "    </tr>\n",
       "    <tr>\n",
       "      <th>MarkDown4</th>\n",
       "      <td>0.038314</td>\n",
       "      <td>-0.050624</td>\n",
       "      <td>0.167834</td>\n",
       "      <td>0.838509</td>\n",
       "      <td>0.113722</td>\n",
       "      <td>-0.011700</td>\n",
       "      <td>1.000000</td>\n",
       "      <td>0.299324</td>\n",
       "      <td>-0.001196</td>\n",
       "      <td>-0.078282</td>\n",
       "      <td>-0.090970</td>\n",
       "      <td>0.128725</td>\n",
       "      <td>0.336277</td>\n",
       "      <td>-0.105347</td>\n",
       "      <td>-0.152741</td>\n",
       "      <td>-0.113951</td>\n",
       "    </tr>\n",
       "    <tr>\n",
       "      <th>MarkDown5</th>\n",
       "      <td>0.050670</td>\n",
       "      <td>-0.014987</td>\n",
       "      <td>0.213313</td>\n",
       "      <td>0.410635</td>\n",
       "      <td>0.128500</td>\n",
       "      <td>0.042033</td>\n",
       "      <td>0.299324</td>\n",
       "      <td>1.000000</td>\n",
       "      <td>0.067156</td>\n",
       "      <td>-0.119255</td>\n",
       "      <td>-0.128733</td>\n",
       "      <td>0.151692</td>\n",
       "      <td>0.399122</td>\n",
       "      <td>0.055295</td>\n",
       "      <td>-0.056355</td>\n",
       "      <td>0.055178</td>\n",
       "    </tr>\n",
       "    <tr>\n",
       "      <th>CPI</th>\n",
       "      <td>-0.022459</td>\n",
       "      <td>0.181118</td>\n",
       "      <td>-0.163551</td>\n",
       "      <td>0.011540</td>\n",
       "      <td>-0.003351</td>\n",
       "      <td>-0.007404</td>\n",
       "      <td>-0.001196</td>\n",
       "      <td>0.067156</td>\n",
       "      <td>1.000000</td>\n",
       "      <td>-0.302677</td>\n",
       "      <td>-0.065457</td>\n",
       "      <td>-0.005309</td>\n",
       "      <td>0.076018</td>\n",
       "      <td>0.004206</td>\n",
       "      <td>0.003399</td>\n",
       "      <td>0.005342</td>\n",
       "    </tr>\n",
       "    <tr>\n",
       "      <th>Unemployment</th>\n",
       "      <td>-0.025850</td>\n",
       "      <td>0.097465</td>\n",
       "      <td>-0.033130</td>\n",
       "      <td>-0.106475</td>\n",
       "      <td>-0.041081</td>\n",
       "      <td>-0.017348</td>\n",
       "      <td>-0.078282</td>\n",
       "      <td>-0.119255</td>\n",
       "      <td>-0.302677</td>\n",
       "      <td>1.000000</td>\n",
       "      <td>0.149021</td>\n",
       "      <td>-0.067772</td>\n",
       "      <td>-0.237130</td>\n",
       "      <td>-0.011329</td>\n",
       "      <td>-0.003235</td>\n",
       "      <td>-0.014334</td>\n",
       "    </tr>\n",
       "    <tr>\n",
       "      <th>Type</th>\n",
       "      <td>-0.182275</td>\n",
       "      <td>0.043012</td>\n",
       "      <td>0.029567</td>\n",
       "      <td>-0.127522</td>\n",
       "      <td>-0.055558</td>\n",
       "      <td>-0.023495</td>\n",
       "      <td>-0.090970</td>\n",
       "      <td>-0.128733</td>\n",
       "      <td>-0.065457</td>\n",
       "      <td>0.149021</td>\n",
       "      <td>1.000000</td>\n",
       "      <td>-0.810805</td>\n",
       "      <td>0.003475</td>\n",
       "      <td>0.001022</td>\n",
       "      <td>0.000627</td>\n",
       "      <td>0.001105</td>\n",
       "    </tr>\n",
       "    <tr>\n",
       "      <th>Size</th>\n",
       "      <td>0.243935</td>\n",
       "      <td>-0.058363</td>\n",
       "      <td>0.004519</td>\n",
       "      <td>0.171187</td>\n",
       "      <td>0.078149</td>\n",
       "      <td>0.032875</td>\n",
       "      <td>0.128725</td>\n",
       "      <td>0.151692</td>\n",
       "      <td>-0.005309</td>\n",
       "      <td>-0.067772</td>\n",
       "      <td>-0.810805</td>\n",
       "      <td>1.000000</td>\n",
       "      <td>-0.004241</td>\n",
       "      <td>-0.002311</td>\n",
       "      <td>-0.000723</td>\n",
       "      <td>-0.002411</td>\n",
       "    </tr>\n",
       "    <tr>\n",
       "      <th>Year</th>\n",
       "      <td>-0.008247</td>\n",
       "      <td>0.063059</td>\n",
       "      <td>0.779979</td>\n",
       "      <td>0.502802</td>\n",
       "      <td>0.130884</td>\n",
       "      <td>0.006983</td>\n",
       "      <td>0.336277</td>\n",
       "      <td>0.399122</td>\n",
       "      <td>0.076018</td>\n",
       "      <td>-0.237130</td>\n",
       "      <td>0.003475</td>\n",
       "      <td>-0.004241</td>\n",
       "      <td>1.000000</td>\n",
       "      <td>-0.195750</td>\n",
       "      <td>0.004564</td>\n",
       "      <td>-0.183400</td>\n",
       "    </tr>\n",
       "    <tr>\n",
       "      <th>Month</th>\n",
       "      <td>0.028490</td>\n",
       "      <td>0.236482</td>\n",
       "      <td>-0.042392</td>\n",
       "      <td>-0.089433</td>\n",
       "      <td>-0.017833</td>\n",
       "      <td>0.114937</td>\n",
       "      <td>-0.105347</td>\n",
       "      <td>0.055295</td>\n",
       "      <td>0.004206</td>\n",
       "      <td>-0.011329</td>\n",
       "      <td>0.001022</td>\n",
       "      <td>-0.002311</td>\n",
       "      <td>-0.195750</td>\n",
       "      <td>1.000000</td>\n",
       "      <td>0.014683</td>\n",
       "      <td>0.996002</td>\n",
       "    </tr>\n",
       "    <tr>\n",
       "      <th>Day</th>\n",
       "      <td>-0.007012</td>\n",
       "      <td>0.026389</td>\n",
       "      <td>0.026048</td>\n",
       "      <td>-0.126963</td>\n",
       "      <td>0.053286</td>\n",
       "      <td>0.071298</td>\n",
       "      <td>-0.152741</td>\n",
       "      <td>-0.056355</td>\n",
       "      <td>0.003399</td>\n",
       "      <td>-0.003235</td>\n",
       "      <td>0.000627</td>\n",
       "      <td>-0.000723</td>\n",
       "      <td>0.004564</td>\n",
       "      <td>0.014683</td>\n",
       "      <td>1.000000</td>\n",
       "      <td>0.103019</td>\n",
       "    </tr>\n",
       "    <tr>\n",
       "      <th>Week</th>\n",
       "      <td>0.027710</td>\n",
       "      <td>0.236741</td>\n",
       "      <td>-0.032836</td>\n",
       "      <td>-0.093861</td>\n",
       "      <td>-0.011192</td>\n",
       "      <td>0.121175</td>\n",
       "      <td>-0.113951</td>\n",
       "      <td>0.055178</td>\n",
       "      <td>0.005342</td>\n",
       "      <td>-0.014334</td>\n",
       "      <td>0.001105</td>\n",
       "      <td>-0.002411</td>\n",
       "      <td>-0.183400</td>\n",
       "      <td>0.996002</td>\n",
       "      <td>0.103019</td>\n",
       "      <td>1.000000</td>\n",
       "    </tr>\n",
       "  </tbody>\n",
       "</table>\n",
       "</div>"
      ],
      "text/plain": [
       "              Weekly_Sales  Temperature  Fuel_Price  MarkDown1  MarkDown2  \\\n",
       "Weekly_Sales      1.000000    -0.001079    0.002720   0.050051   0.020453   \n",
       "Temperature      -0.001079     1.000000    0.141401  -0.026460  -0.178706   \n",
       "Fuel_Price        0.002720     0.141401    1.000000   0.298873   0.029512   \n",
       "MarkDown1         0.050051    -0.026460    0.298873   1.000000   0.174053   \n",
       "MarkDown2         0.020453    -0.178706    0.029512   0.174053   1.000000   \n",
       "MarkDown3         0.036359    -0.056531    0.019115  -0.013804  -0.005885   \n",
       "MarkDown4         0.038314    -0.050624    0.167834   0.838509   0.113722   \n",
       "MarkDown5         0.050670    -0.014987    0.213313   0.410635   0.128500   \n",
       "CPI              -0.022459     0.181118   -0.163551   0.011540  -0.003351   \n",
       "Unemployment     -0.025850     0.097465   -0.033130  -0.106475  -0.041081   \n",
       "Type             -0.182275     0.043012    0.029567  -0.127522  -0.055558   \n",
       "Size              0.243935    -0.058363    0.004519   0.171187   0.078149   \n",
       "Year             -0.008247     0.063059    0.779979   0.502802   0.130884   \n",
       "Month             0.028490     0.236482   -0.042392  -0.089433  -0.017833   \n",
       "Day              -0.007012     0.026389    0.026048  -0.126963   0.053286   \n",
       "Week              0.027710     0.236741   -0.032836  -0.093861  -0.011192   \n",
       "\n",
       "              MarkDown3  MarkDown4  MarkDown5       CPI  Unemployment  \\\n",
       "Weekly_Sales   0.036359   0.038314   0.050670 -0.022459     -0.025850   \n",
       "Temperature   -0.056531  -0.050624  -0.014987  0.181118      0.097465   \n",
       "Fuel_Price     0.019115   0.167834   0.213313 -0.163551     -0.033130   \n",
       "MarkDown1     -0.013804   0.838509   0.410635  0.011540     -0.106475   \n",
       "MarkDown2     -0.005885   0.113722   0.128500 -0.003351     -0.041081   \n",
       "MarkDown3      1.000000  -0.011700   0.042033 -0.007404     -0.017348   \n",
       "MarkDown4     -0.011700   1.000000   0.299324 -0.001196     -0.078282   \n",
       "MarkDown5      0.042033   0.299324   1.000000  0.067156     -0.119255   \n",
       "CPI           -0.007404  -0.001196   0.067156  1.000000     -0.302677   \n",
       "Unemployment  -0.017348  -0.078282  -0.119255 -0.302677      1.000000   \n",
       "Type          -0.023495  -0.090970  -0.128733 -0.065457      0.149021   \n",
       "Size           0.032875   0.128725   0.151692 -0.005309     -0.067772   \n",
       "Year           0.006983   0.336277   0.399122  0.076018     -0.237130   \n",
       "Month          0.114937  -0.105347   0.055295  0.004206     -0.011329   \n",
       "Day            0.071298  -0.152741  -0.056355  0.003399     -0.003235   \n",
       "Week           0.121175  -0.113951   0.055178  0.005342     -0.014334   \n",
       "\n",
       "                  Type      Size      Year     Month       Day      Week  \n",
       "Weekly_Sales -0.182275  0.243935 -0.008247  0.028490 -0.007012  0.027710  \n",
       "Temperature   0.043012 -0.058363  0.063059  0.236482  0.026389  0.236741  \n",
       "Fuel_Price    0.029567  0.004519  0.779979 -0.042392  0.026048 -0.032836  \n",
       "MarkDown1    -0.127522  0.171187  0.502802 -0.089433 -0.126963 -0.093861  \n",
       "MarkDown2    -0.055558  0.078149  0.130884 -0.017833  0.053286 -0.011192  \n",
       "MarkDown3    -0.023495  0.032875  0.006983  0.114937  0.071298  0.121175  \n",
       "MarkDown4    -0.090970  0.128725  0.336277 -0.105347 -0.152741 -0.113951  \n",
       "MarkDown5    -0.128733  0.151692  0.399122  0.055295 -0.056355  0.055178  \n",
       "CPI          -0.065457 -0.005309  0.076018  0.004206  0.003399  0.005342  \n",
       "Unemployment  0.149021 -0.067772 -0.237130 -0.011329 -0.003235 -0.014334  \n",
       "Type          1.000000 -0.810805  0.003475  0.001022  0.000627  0.001105  \n",
       "Size         -0.810805  1.000000 -0.004241 -0.002311 -0.000723 -0.002411  \n",
       "Year          0.003475 -0.004241  1.000000 -0.195750  0.004564 -0.183400  \n",
       "Month         0.001022 -0.002311 -0.195750  1.000000  0.014683  0.996002  \n",
       "Day           0.000627 -0.000723  0.004564  0.014683  1.000000  0.103019  \n",
       "Week          0.001105 -0.002411 -0.183400  0.996002  0.103019  1.000000  "
      ]
     },
     "execution_count": 12,
     "metadata": {},
     "output_type": "execute_result"
    }
   ],
   "source": [
    "df.corr()"
   ]
  },
  {
   "cell_type": "markdown",
   "metadata": {},
   "source": [
    "시계열 "
   ]
  },
  {
   "cell_type": "code",
   "execution_count": 13,
   "metadata": {},
   "outputs": [
    {
     "data": {
